2 0.130566 0.808217 0.260532 0.383567
0 0.568124 0.657228 0.0773864 0.345186
5 0.905564 0.469859 0.187452 0.336476
0 0.684788 0.592514 0.0689754 0.199765
0 0.263055 0.656022 0.0867237 0.251843
5 0.763097 0.462801 0.105928 0.196628
2 0.923984 0.62569 0.149941 0.410894
0 0.171775 0.487311 0.0270096 0.112203
0 0.337979 0.547383 0.0316667 0.190831
5 0.68963 0.458115 0.0442197 0.138053
3 0.26242 0.716523 0.0911402 0.177718
5 0.584321 0.519065 0.125441 0.293384
0 0.776668 0.585149 0.0687125 0.179541
0 0.133192 0.577544 0.0639818 0.180086
3 0.77588 0.648957 0.068303 0.149589
0 0.279394 0.527433 0.0321255 0.140446
