2 0.746414 0.652748 0.197051 0.280718
0 0.0613649 0.794179 0.122699 0.398495
5 0.832002 0.456541 0.21791 0.227873
7 0.211604 0.628295 0.423061 0.603842
0 0.474847 0.75632 0.149023 0.468048
2 0.962005 0.596548 0.0749605 0.313738
5 0.494553 0.498238 0.229769 0.324591
3 0.47703 0.843227 0.180891 0.306647
2 0.614919 0.558986 0.04762 0.154772
0 0.873188 0.583469 0.0535417 0.206098
0 0.550542 0.649813 0.0616862 0.229557
3 0.87414 0.636648 0.0509961 0.145469
5 0.704879 0.451599 0.0399671 0.13898
2 0.91205 0.590243 0.035104 0.117902
0 0.672622 0.511133 0.0305546 0.0884016
2 0.643835 0.522801 0.0438171 0.0972813
