2 0.134043 0.807197 0.267633 0.385607
0 0.558305 0.659018 0.0989614 0.349462
5 0.905866 0.468262 0.186474 0.333681
0 0.683312 0.593083 0.0682387 0.19932
5 0.76332 0.465917 0.107162 0.202328
0 0.336452 0.548952 0.0319859 0.189985
0 0.77783 0.591247 0.0697549 0.193978
3 0.778728 0.649352 0.067705 0.152762
0 0.171047 0.488379 0.0270935 0.115491
5 0.581192 0.513061 0.128062 0.284773
0 0.267124 0.643269 0.0821222 0.222088
3 0.267946 0.718548 0.0891822 0.169212
2 0.921833 0.627568 0.154299 0.415458
3 0.681402 0.66174 0.0608392 0.128881
5 0.690054 0.450997 0.0425558 0.121019
