2 0.14225 0.805702 0.284211 0.387952
7 0.505714 0.583545 0.269233 0.410761
3 0.786212 0.65783 0.0598675 0.160509
0 0.78298 0.593797 0.0668556 0.196385
5 0.764089 0.463119 0.112151 0.196379
0 0.529326 0.658896 0.0605644 0.350519
0 0.669711 0.587271 0.0604341 0.196456
0 0.334336 0.54735 0.0324289 0.188163
5 0.688615 0.45731 0.0426656 0.133959
2 0.912121 0.640361 0.174214 0.427238
0 0.291473 0.633831 0.082738 0.210213
0 0.74367 0.571554 0.0472633 0.180392
3 0.290474 0.712099 0.0822977 0.174707
5 0.906733 0.441751 0.184415 0.294878
