5 0.894252 0.501696 0.210639 0.367967
0 0.842953 0.638283 0.0882196 0.346358
0 0.351827 0.765532 0.168804 0.45045
0 0.599456 0.630623 0.107119 0.2723
7 0.385063 0.60413 0.347541 0.48723
3 0.598413 0.736489 0.096824 0.202089
0 0.031379 0.551735 0.0616221 0.195018
3 0.0737294 0.880188 0.147459 0.226213
2 0.956534 0.596872 0.0859211 0.339886
0 0.186671 0.475147 0.0238889 0.109497
5 0.583439 0.473293 0.107895 0.219667
0 0.665984 0.516986 0.0264844 0.132661
5 0.755961 0.455651 0.075622 0.182533
0 0.644719 0.524971 0.0297027 0.136029
3 0.750212 0.604098 0.0668778 0.116474
3 0.051583 0.708309 0.103166 0.332936
