5 0.832803 0.454089 0.218481 0.223343
2 0.745925 0.65435 0.201857 0.28236
0 0.460022 0.760237 0.159284 0.470169
77 0.0473678 0.786143 0.0946412 0.408106
7 0.210913 0.624951 0.421367 0.60235
2 0.961949 0.596986 0.0750771 0.314166
5 0.492932 0.500151 0.231819 0.327862
3 0.467263 0.85129 0.185922 0.28994
0 0.547167 0.64986 0.060009 0.226396
3 0.872708 0.638057 0.0517368 0.146922
0 0.871194 0.584505 0.0522842 0.207389
2 0.615223 0.554375 0.0461576 0.146282
5 0.705084 0.451911 0.0400268 0.139116
2 0.912966 0.594362 0.0353905 0.111152
