2 0.74765 0.647569 0.193795 0.276666
0 0.0857905 0.790493 0.171387 0.407076
5 0.830145 0.457308 0.216494 0.228771
0 0.496463 0.752043 0.147058 0.467245
2 0.962227 0.595081 0.0745373 0.314757
7 0.216559 0.629543 0.433117 0.602491
3 0.497269 0.833292 0.170775 0.32756
2 0.614385 0.55646 0.0476546 0.152422
5 0.498987 0.508103 0.216027 0.346268
0 0.876788 0.577545 0.0528015 0.195184
3 0.875376 0.631446 0.049392 0.1447
2 0.643421 0.523452 0.0439009 0.102174
0 0.672903 0.517732 0.0300277 0.104447
5 0.704648 0.451553 0.0396399 0.138858
