2 0.748681 0.645444 0.193041 0.275163
0 0.098398 0.784777 0.195259 0.413022
5 0.829036 0.457574 0.215377 0.228752
0 0.502752 0.748381 0.146376 0.459981
3 0.505408 0.8349 0.173804 0.32455
2 0.962095 0.59333 0.0753069 0.319227
2 0.614026 0.557556 0.0486228 0.155399
7 0.21481 0.627741 0.428536 0.590835
5 0.499188 0.509625 0.217575 0.350605
0 0.876333 0.587812 0.0542935 0.218693
2 0.643646 0.523038 0.0443371 0.101435
3 0.875301 0.628801 0.050571 0.147631
0 0.672744 0.518915 0.0290289 0.106369
5 0.705052 0.452112 0.0383871 0.138447
