2 0.167343 0.844499 0.334122 0.291994
5 0.891012 0.494718 0.216293 0.351615
0 0.881566 0.637862 0.0625706 0.346807
0 0.493823 0.722708 0.153926 0.402458
7 0.382372 0.600306 0.400199 0.490325
3 0.12448 0.574078 0.135023 0.156773
5 0.575986 0.520106 0.122129 0.313324
0 0.0218192 0.565758 0.0435969 0.235577
5 0.701598 0.453016 0.03436 0.135539
3 0.49513 0.837416 0.153096 0.325167
0 0.186542 0.475914 0.0227985 0.110297
5 0.753404 0.460638 0.0696855 0.193768
0 0.780024 0.544442 0.0258376 0.140441
2 0.959048 0.596577 0.0808438 0.330483
