2 0.158864 0.846643 0.316809 0.290931
5 0.892085 0.494464 0.215231 0.354853
0 0.875359 0.636205 0.0779362 0.350513
0 0.481543 0.735303 0.146365 0.429634
0 0.022294 0.572303 0.0445653 0.251426
5 0.576027 0.51327 0.121944 0.303992
3 0.126393 0.574968 0.139346 0.155587
0 0.187001 0.476087 0.0242475 0.111291
0 0.779297 0.543508 0.0368133 0.149401
3 0.479741 0.842262 0.147471 0.307486
2 0.958887 0.595948 0.0811985 0.330936
5 0.753701 0.45886 0.0703933 0.190063
5 0.701838 0.453004 0.0338522 0.135542
0 0.779175 0.544608 0.0249537 0.143733
0 0.67107 0.518811 0.0247631 0.129647
