2 0.150923 0.847443 0.301377 0.286876
5 0.891649 0.497501 0.214976 0.358594
0 0.868859 0.638389 0.0876534 0.349887
5 0.577243 0.513572 0.11978 0.308176
0 0.472379 0.749637 0.150596 0.457479
7 0.362407 0.602626 0.352297 0.492623
3 0.127579 0.574715 0.14135 0.1563
0 0.0226871 0.559149 0.0453442 0.229525
0 0.779746 0.542931 0.0368774 0.150724
0 0.187141 0.474732 0.0260661 0.109919
2 0.95866 0.59582 0.0816601 0.330702
5 0.701998 0.45261 0.0334124 0.135433
3 0.470002 0.851833 0.145464 0.28727
0 0.670197 0.517437 0.0246458 0.132432
