2 0.134562 0.860773 0.269125 0.264677
0 0.858344 0.641172 0.106496 0.346375
5 0.89199 0.501872 0.215708 0.365032
0 0.452103 0.743417 0.158107 0.433484
0 0.0248825 0.577544 0.0497044 0.264288
0 0.560564 0.644984 0.0976561 0.288796
2 0.95836 0.595446 0.0827786 0.334264
5 0.577455 0.508612 0.119392 0.294957
3 0.444622 0.866235 0.145109 0.263711
3 0.129244 0.575291 0.144897 0.154515
0 0.776826 0.541089 0.0395993 0.145332
0 0.187688 0.477817 0.0258204 0.112954
0 0.668865 0.517072 0.0236022 0.133045
5 0.753891 0.435482 0.0720903 0.146428
