2 0.129376 0.807883 0.258711 0.384235
0 0.574503 0.656244 0.0649425 0.346232
5 0.905404 0.478609 0.187399 0.354727
0 0.687419 0.591428 0.067724 0.199942
5 0.763321 0.46659 0.104993 0.204039
2 0.924677 0.625341 0.148513 0.409582
0 0.259138 0.641816 0.0866654 0.233438
0 0.172548 0.485885 0.0265799 0.110653
5 0.689714 0.457242 0.044606 0.135753
0 0.338335 0.548022 0.0332157 0.189391
0 0.279395 0.527979 0.0332537 0.14052
3 0.259683 0.711102 0.0913582 0.19403
3 0.77536 0.649517 0.0635029 0.146945
0 0.777116 0.582467 0.0676804 0.176714
7 0.500639 0.588116 0.294555 0.416348
5 0.584777 0.520826 0.12286 0.297835
