0 0.861709 0.640876 0.0992416 0.347556
2 0.142979 0.850933 0.285958 0.284215
5 0.892147 0.501568 0.215031 0.362659
0 0.458837 0.755219 0.145758 0.457469
5 0.57672 0.513111 0.120043 0.30486
3 0.127829 0.575132 0.141692 0.155855
7 0.369102 0.604992 0.354567 0.493485
0 0.0236133 0.554857 0.0471491 0.217313
0 0.557201 0.647632 0.0970208 0.286315
0 0.779824 0.542818 0.0349483 0.14956
2 0.958573 0.595148 0.0823588 0.33339
0 0.1875 0.476685 0.0255235 0.110539
5 0.754229 0.440419 0.0720764 0.154197
3 0.455696 0.858817 0.14495 0.27459
5 0.701242 0.452579 0.0346897 0.136577
0 0.669344 0.516858 0.0245342 0.133219
