2 0.126306 0.809012 0.252423 0.381977
5 0.904671 0.488966 0.188189 0.373884
0 0.586073 0.657618 0.0502586 0.344847
0 0.689737 0.591506 0.061615 0.199942
5 0.763178 0.465941 0.104569 0.201051
0 0.128793 0.579793 0.0678933 0.178139
3 0.253191 0.7041 0.0961458 0.210507
0 0.173849 0.485418 0.0262861 0.11174
2 0.925883 0.623906 0.146182 0.407378
0 0.77199 0.586891 0.0575 0.181556
0 0.337996 0.548181 0.0303263 0.190196
3 0.773578 0.650007 0.0584826 0.143314
0 0.244177 0.638141 0.0804863 0.223651
7 0.494605 0.586153 0.290931 0.420235
