2 0.123807 0.808969 0.247316 0.380321
5 0.903925 0.490365 0.189964 0.377148
0 0.59417 0.660005 0.0519468 0.346359
0 0.694218 0.59326 0.0681514 0.210091
3 0.249077 0.705534 0.098271 0.208189
5 0.762714 0.468972 0.10546 0.208222
0 0.127305 0.576957 0.0687932 0.183185
2 0.929444 0.622423 0.139154 0.405122
7 0.492814 0.588692 0.287687 0.42415
3 0.771759 0.647843 0.0590332 0.144705
0 0.174294 0.483389 0.0264185 0.108806
0 0.771248 0.578808 0.0595938 0.174011
0 0.337788 0.554024 0.0299861 0.20133
0 0.241902 0.643408 0.0760336 0.228627
