2 0.147967 0.806118 0.295471 0.387764
0 0.490597 0.664666 0.0812254 0.35059
7 0.507903 0.583209 0.254498 0.39613
0 0.664111 0.591473 0.0537833 0.199194
5 0.764195 0.464662 0.117526 0.198831
0 0.780551 0.599036 0.0617208 0.203241
0 0.264884 0.552763 0.0343995 0.177879
3 0.300502 0.704659 0.0702603 0.181343
2 0.905661 0.642763 0.187895 0.446407
5 0.687711 0.458436 0.0431853 0.137045
0 0.332218 0.544046 0.0332815 0.176426
0 0.304179 0.632976 0.0785063 0.214494
3 0.780531 0.663445 0.0611203 0.168697
0 0.744294 0.570188 0.0434704 0.167638
