2 0.132299 0.808295 0.264497 0.38341
0 0.563071 0.658646 0.0873389 0.348817
5 0.905668 0.4706 0.187164 0.338613
0 0.683957 0.592321 0.0695284 0.195481
2 0.923421 0.626415 0.151108 0.412849
5 0.763108 0.464858 0.106879 0.200406
0 0.266317 0.652673 0.0859822 0.237273
3 0.266777 0.719615 0.0878367 0.173931
0 0.336663 0.548719 0.03272 0.189125
0 0.171566 0.48601 0.0264712 0.110454
0 0.776174 0.587093 0.0713713 0.181483
3 0.684547 0.660329 0.0633273 0.132831
5 0.584182 0.520622 0.123388 0.297709
3 0.777052 0.649718 0.0693983 0.149824
5 0.690462 0.452814 0.0425965 0.125801
