2 0.14673 0.804373 0.293236 0.387112
7 0.507092 0.582445 0.256147 0.40087
0 0.498974 0.661819 0.0655245 0.348432
3 0.299848 0.711012 0.0753046 0.16952
0 0.664876 0.588958 0.0534836 0.197057
5 0.764258 0.467974 0.116898 0.20487
5 0.688281 0.456986 0.0432737 0.132904
0 0.265066 0.551306 0.0343974 0.173415
0 0.780978 0.59463 0.0628618 0.195476
0 0.331735 0.546016 0.0334876 0.184165
3 0.782126 0.666235 0.0612673 0.158827
2 0.907233 0.64269 0.184766 0.439119
0 0.301378 0.629043 0.0787749 0.210891
5 0.90881 0.424898 0.179986 0.256864
0 0.743614 0.568446 0.0432287 0.166217
