2 0.143134 0.805288 0.285938 0.388087
7 0.504706 0.583634 0.265919 0.408558
0 0.522889 0.661622 0.0567318 0.34878
5 0.764227 0.457834 0.110311 0.188374
0 0.668816 0.58878 0.059902 0.198207
0 0.782118 0.592738 0.0653973 0.19358
5 0.687993 0.458018 0.0440069 0.135346
0 0.333757 0.547836 0.0317463 0.188701
3 0.292375 0.715922 0.0782833 0.163149
0 0.293568 0.634226 0.0829807 0.20703
3 0.667014 0.647565 0.0561098 0.131961
2 0.911013 0.640816 0.176634 0.42875
3 0.785462 0.657938 0.0598206 0.161352
0 0.743928 0.568781 0.0471977 0.174281
