2 0.229876 0.834336 0.458496 0.315548
5 0.889842 0.493547 0.218839 0.338106
3 0.568786 0.831078 0.11357 0.333031
0 0.919362 0.638501 0.0890985 0.348128
5 0.751871 0.455591 0.0658884 0.181366
3 0.472819 0.795155 0.101156 0.226274
0 0.47155 0.664822 0.10374 0.319827
0 0.56801 0.692385 0.121806 0.366558
5 0.701812 0.456457 0.0339328 0.139266
3 0.115141 0.575685 0.115319 0.149658
0 0.733526 0.540809 0.0442125 0.143869
3 0.732478 0.58752 0.0428182 0.112165
26 0.0168666 0.550691 0.0280415 0.112951
5 0.567751 0.500129 0.139195 0.260546
