2 0.12505 0.808258 0.249812 0.382486
5 0.904512 0.49081 0.18834 0.377226
0 0.591418 0.65782 0.0500036 0.348055
5 0.76282 0.468588 0.105339 0.207252
0 0.128123 0.57955 0.070453 0.17665
0 0.692484 0.591753 0.0674376 0.204278
3 0.247285 0.708449 0.10379 0.204698
0 0.240714 0.64071 0.0723021 0.226274
2 0.928656 0.623736 0.140688 0.406332
0 0.17419 0.484415 0.0264676 0.110336
0 0.771343 0.584832 0.0586887 0.178972
3 0.772832 0.647901 0.0588313 0.144364
7 0.473876 0.590171 0.243866 0.419434
0 0.338636 0.550299 0.0309986 0.192717
0 0.279589 0.538263 0.0309858 0.161543
