5 0.897201 0.500697 0.203873 0.369841
7 0.433148 0.594276 0.38827 0.476599
0 0.791179 0.63909 0.0853704 0.342378
0 0.193941 0.77272 0.185632 0.437478
0 0.644698 0.615894 0.0892143 0.246187
3 0.646443 0.713698 0.090016 0.192393
3 0.219603 0.909881 0.25235 0.171622
2 0.953873 0.599557 0.0914036 0.345593
0 0.058622 0.682993 0.107262 0.289355
2 0.0358951 0.89112 0.0714871 0.215425
3 0.06431 0.750457 0.126828 0.232236
0 0.186634 0.475079 0.0238464 0.108918
0 0.042248 0.515081 0.0571152 0.122793
5 0.756869 0.448658 0.0809368 0.16953
