7 0.461013 0.591549 0.342412 0.447026
5 0.898879 0.489111 0.199835 0.369188
2 0.0792299 0.830133 0.158135 0.328891
0 0.705957 0.647896 0.112145 0.34626
5 0.761869 0.464653 0.0819046 0.201555
0 0.0814911 0.58724 0.0689467 0.232475
3 0.149213 0.741817 0.146092 0.194529
0 0.155576 0.666578 0.0889194 0.269579
3 0.758037 0.630061 0.0418621 0.127384
0 0.183652 0.477829 0.026644 0.108377
5 0.697777 0.441183 0.0441896 0.112914
0 0.241806 0.556728 0.0348758 0.174012
0 0.28309 0.666903 0.0492095 0.240502
