5 0.89658 0.502434 0.205038 0.372882
7 0.431222 0.594676 0.398306 0.476159
0 0.798297 0.637921 0.0715883 0.341157
0 0.213065 0.771931 0.186526 0.435562
0 0.63674 0.617288 0.0923679 0.241858
3 0.0727973 0.754078 0.144461 0.224946
3 0.643091 0.714383 0.0898388 0.197552
2 0.95463 0.599046 0.0898399 0.345079
3 0.237938 0.905754 0.246852 0.186804
2 0.0341253 0.890697 0.0680345 0.216472
0 0.0558208 0.691902 0.111099 0.301049
0 0.039531 0.513621 0.0548986 0.124203
0 0.186658 0.475047 0.0240251 0.108876
5 0.756784 0.45814 0.0784914 0.191202
