2 0.746895 0.651086 0.195982 0.277152
0 0.074278 0.792431 0.148043 0.405074
0 0.476537 0.758019 0.156377 0.474263
5 0.830042 0.457056 0.216181 0.228703
7 0.214328 0.627848 0.42794 0.596714
2 0.962065 0.595671 0.0748599 0.314603
3 0.483776 0.842896 0.171284 0.302649
5 0.499526 0.501382 0.218477 0.33105
2 0.615325 0.552139 0.0482472 0.142834
0 0.874127 0.575726 0.0542089 0.190767
0 0.672725 0.517277 0.0305184 0.101179
3 0.874492 0.632819 0.0506032 0.14562
2 0.64353 0.523148 0.0434651 0.100076
5 0.704832 0.451706 0.039705 0.139085
