5 0.895896 0.501432 0.206527 0.37491
7 0.425365 0.596231 0.394326 0.474772
0 0.806418 0.638034 0.0601619 0.341252
0 0.630472 0.625737 0.0945594 0.261221
0 0.233263 0.771282 0.176236 0.438533
2 0.954926 0.598378 0.0892514 0.345366
3 0.0596082 0.750206 0.116089 0.237765
0 0.18673 0.474956 0.0241085 0.108979
0 0.0534926 0.691541 0.106985 0.306862
3 0.256072 0.880356 0.24172 0.231005
0 0.0398176 0.525852 0.0588197 0.147403
3 0.637599 0.721001 0.0865984 0.194246
5 0.756582 0.459156 0.0777493 0.18979
