2 0.145709 0.804437 0.291308 0.387265
7 0.506454 0.586468 0.259502 0.398471
0 0.504613 0.660859 0.059252 0.353109
5 0.764168 0.466625 0.11688 0.201708
3 0.298669 0.711045 0.0772672 0.170389
0 0.668331 0.592324 0.0514927 0.205142
5 0.908452 0.424819 0.180774 0.25835
5 0.689005 0.456487 0.0439967 0.132849
0 0.332577 0.546072 0.0315412 0.183621
0 0.29904 0.627627 0.0811844 0.208368
3 0.783704 0.662774 0.057489 0.163041
0 0.743759 0.569363 0.0446781 0.167242
0 0.265178 0.550497 0.0380873 0.183873
2 0.908508 0.642722 0.18222 0.434463
0 0.781145 0.594072 0.0620234 0.193612
